# Flir 640
image_width: 640
image_height: 512
camera_name: thermal_left

camera_matrix: 
  rows: 3
  cols: 3
  data: [411.3366, 0, 320.4049, 0, 412.6712, 251.9670, 0, 0, 1]
distortion_model: plumb_bob
distortion_coefficients: 
  rows: 1
  cols: 5
  data: [-0.3565, 0.1078, 0, 0, 0]

rectification_matrix: 
  rows: 3
  cols: 3
  data: [1,0,0,0,1,0,0,0,1]

projection_matrix:
  rows: 3
  cols: 4
  data: [411.3366, 0, 320.4049, 0, 0, 412.6712, 251.9670, 0, 0, 0, 1, 0]
