# Camera Intrinsic and Extrinsic Parameters
image_width: 640
image_height: 512
camera_name: thermal
camera_matrix:
  rows: 3
  cols: 3
  data: [411.336600, 0.000000, 320.404900, 0.000000, 412.671200, 251.967000, 0.000000, 0.000000, 1.000000]
distortion_model: plumb_bob
distortion_coefficients:
  rows: 1
  cols: 5
  data: [-0.356500, 0.107800, 0.000000, 0.000000, 0.000000]
rectification_matrix:
  rows: 3
  cols: 3
  data: [1.000000, 0.000000, 0.000000, 0.000000, 1.000000, 0.000000, 0.000000, 0.000000, 1.000000]
projection_matrix:
  rows: 3
  cols: 4
  data: [411.336600, 0.000000, 320.404900, 0.000000, 0.000000, 412.671200, 251.967000, 0.000000, 0.000000, 0.000000, 1.000000, 0.000000]